time,indexfinger.X,indexfinger.Y,indexfinger.Z,hand.X,hand.Y,hand.Z,forearm.X,forearm.Y,forearm.Z,upperarm.X,upperarm.Y,upperarm.Z,rightShoulder.X,rightShoulder.Y,rightShoulder.Z,hmd.X,hmd.Y,hmd.Z,leftShoulder.X,leftShoulder.Y,leftShoulder.Z,indexfingerO.X,indexfingerO.Y,indexfingerO.Z,handO.X,handO.Y,handO.Z,forearmO.X,forearmO.Y,forearmO.Z,upperarmO.X,upperarmO.Y,upperarmO.Z,rightShoulderO.X,rightShoulderO.Y,rightShoulderO.Z,hmdO.X,hmdO.Y,hmdO.Z,leftShoulderO.X,leftShoulderO.Y,leftShoulderO.Z
0.0,-0.0684277,1.113157,-0.0220171,0.1283127,1.146479,-0.0234115,0.2439501,1.196043,-0.1067644,0.2850063,1.28006,-0.1763873,0.1380121,1.431677,-0.143868,0.0253444,1.680886,-0.0475866,-0.1120224,1.441273,-0.1218467,0.2221538,-0.619165,-0.749406,-0.142212,0.2627254,0.1567141,0.3740154,-0.3013708,-0.2655298,-0.682183,-0.1946591,0.0474528,-0.078834,0.2011144,0.1261619,0.1211791,0.047105,0.012596,0.1004328,0.2983994,0.1404926
0.026,-0.0684954,1.114806,-0.0202733,0.1283386,1.146381,-0.0226679,0.2440842,1.196101,-0.1064716,0.2852316,1.280206,-0.1759937,0.1379553,1.431591,-0.1436063,0.0256601,1.680229,-0.0469618,-0.1129615,1.441122,-0.1215499,0.2113732,-0.6226857,-0.7496585,-0.1444846,0.2623097,0.1571179,0.3770846,-0.3004423,-0.2657703,-0.6809499,-0.1941605,0.0469449,-0.0803852,0.2027691,0.1256565,0.1231473,0.0481193,0.0118837,0.1006624,0.2953628,0.1425317
0.048,-0.0685531,1.114525,-0.0201193,0.1283495,1.146383,-0.0225223,0.2440959,1.196107,-0.1061317,0.2851716,1.280163,-0.1757105,0.1379126,1.431664,-0.1436725,0.0256448,1.680021,-0.0466215,-0.112957,1.441191,-0.1213882,0.2117698,-0.6218751,-0.7501242,-0.1434357,0.2649076,0.1567239,0.3760666,-0.3015515,-0.2659398,-0.6805494,-0.1960887,0.0465704,-0.0779958,0.2013351,0.1247707,0.1238083,0.0485068,0.0110418,0.1011302,0.2944556,0.1434155
0.071,-0.0684475,1.114573,-0.0200998,0.1283568,1.145933,-0.0225131,0.2439156,1.19604,-0.1055932,0.2854754,1.280316,-0.1754325,0.137879,1.431644,-0.1433115,0.0255828,1.679544,-0.046315,-0.1128056,1.440895,-0.1212655,0.212713,-0.6198737,-0.7517578,-0.143643,0.267758,0.1564862,0.3711783,-0.3003066,-0.2683134,-0.6823955,-0.1947019,0.0456215,-0.0802078,0.2020674,0.1246368,0.1223271,0.0492202,0.0111785,0.1015989,0.2960368,0.1417991
0.093,-0.0684344,1.114528,-0.0202772,0.1283846,1.145726,-0.0219937,0.2439921,1.195867,-0.1051879,0.2850709,1.280095,-0.1752491,0.1382901,1.431981,-0.1431643,0.0255498,1.679555,-0.0460486,-0.1124378,1.440941,-0.121396,0.2120444,-0.6167461,-0.7548651,-0.1423697,0.2655597,0.1560702,0.3709041,-0.3007307,-0.2658625,-0.6814193,-0.1980973,0.0500443,-0.0753805,0.1968452,0.1253385,0.123216,0.0492282,0.0118827,0.1049728,0.2949875,0.1428028
0.115,-0.0683158,1.114666,-0.0194413,0.1284025,1.145377,-0.0215693,0.2438976,1.195764,-0.1049005,0.2849395,1.279925,-0.174621,0.1382929,1.431986,-0.1424198,0.0257675,1.679811,-0.045674,-0.1124844,1.441135,-0.1209875,0.2136457,-0.6151822,-0.7555603,-0.1411473,0.2654743,0.1551695,0.3723324,-0.2996066,-0.2675983,-0.6814923,-0.1946818,0.048583,-0.0767642,0.1971712,0.1263636,0.1244806,0.0480821,0.01362,0.101692,0.2951281,0.143128
0.137,-0.0688538,1.112248,-0.0213827,0.1282368,1.145273,-0.0212415,0.2438842,1.195053,-0.1045225,0.2851615,1.279848,-0.174145,0.1383517,1.431577,-0.1416467,0.0257862,1.679859,-0.0454929,-0.1126122,1.440768,-0.1209937,0.2271556,-0.6170467,-0.7500393,-0.1412774,0.2646042,0.1546372,0.3663036,-0.3054709,-0.2616401,-0.6820988,-0.1932257,0.0478691,-0.0844453,0.1998013,0.1279424,0.1247533,0.0478806,0.0137218,0.1026278,0.2981586,0.1429805
0.159,-0.0696492,1.112613,-0.0206697,0.128118,1.145345,-0.0207291,0.2438978,1.194995,-0.1041087,0.2852936,1.280129,-0.1737729,0.1384995,1.431686,-0.1415507,0.0255457,1.679637,-0.0451359,-0.1109978,1.439894,-0.1218273,0.2254563,-0.62598,-0.7433769,-0.1414866,0.263255,0.1551092,0.3677859,-0.3043229,-0.2649285,-0.6834527,-0.1930551,0.0465912,-0.0817867,0.1971948,0.1268308,0.1233159,0.0480342,0.0148823,0.1140204,0.3025597,0.1364285
0.182,-0.0690514,1.112638,-0.0209294,0.1280024,1.14527,-0.0201786,0.243699,1.195197,-0.1034947,0.2849287,1.279732,-0.173235,0.1386229,1.431997,-0.1414724,0.0254234,1.679466,-0.0448812,-0.1088337,1.439355,-0.1221077,0.2244646,-0.6237168,-0.7457091,-0.1407551,0.2615439,0.1548191,0.3710104,-0.3005327,-0.268596,-0.681571,-0.1979939,0.0489102,-0.0761059,0.1934119,0.1258502,0.1225699,0.0476918,0.0153714,0.1133378,0.3290036,0.1314839
0.203,-0.0695238,1.112865,-0.0202305,0.1278049,1.144842,-0.0198957,0.2437168,1.19515,-0.1030325,0.2851212,1.279672,-0.1725982,0.1383394,1.431751,-0.1409377,0.0251423,1.679877,-0.044582,-0.1084486,1.439421,-0.1222969,0.2219485,-0.621469,-0.7483575,-0.1419281,0.2656476,0.153485,0.3713628,-0.3017107,-0.2682661,-0.683214,-0.1913888,0.0472847,-0.0783533,0.1940843,0.1266231,0.1244958,0.04679,0.0153195,0.1141672,0.3343317,0.1321866
0.226,-0.0703185,1.111446,-0.0204937,0.127441,1.144761,-0.0193661,0.2435655,1.194918,-0.1020177,0.285129,1.279855,-0.1715091,0.1384748,1.432479,-0.1409902,0.0249219,1.679856,-0.0441669,-0.1083068,1.439141,-0.1225556,0.2288859,-0.616351,-0.7502868,-0.1414476,0.2651354,0.1538405,0.372098,-0.3016027,-0.2658777,-0.6843424,-0.1881916,0.045818,-0.0687363,0.1876416,0.1255842,0.1246666,0.0459622,0.0156186,0.1161958,0.3356198,0.1310987
0.249,-0.0696406,1.113228,-0.0209105,0.1272622,1.144811,-0.0187032,0.2431644,1.1949,-0.101363,0.2853545,1.279686,-0.1710916,0.138405,1.431975,-0.1403229,0.0249811,1.679783,-0.0439553,-0.1082328,1.439192,-0.1226195,0.2261148,-0.6133293,-0.754327,-0.1400522,0.26117,0.1540795,0.3721497,-0.3013943,-0.267558,-0.6846009,-0.187406,0.0437881,-0.0734696,0.189366,0.1270215,0.1247978,0.0444543,0.0157397,0.1162169,0.3369618,0.1317369
0.27,-0.0696151,1.112878,-0.0211002,0.1269072,1.144659,-0.0182742,0.2430979,1.194861,-0.1005584,0.2850343,1.279215,-0.1700403,0.1382616,1.431911,-0.1400661,0.0245083,1.679642,-0.0436406,-0.1081044,1.439379,-0.1226098,0.2307272,-0.6180084,-0.7492152,-0.140418,0.2617643,0.1532614,0.3735438,-0.3026554,-0.2646962,-0.6822729,-0.1899828,0.0451338,-0.0717068,0.1869783,0.1257686,0.1241118,0.0440114,0.0145068,0.1163251,0.3381705,0.1355532
0.293,-0.0696926,1.11298,-0.0216093,0.1266221,1.144517,-0.0176392,0.2430233,1.194535,-0.1003186,0.2849676,1.27929,-0.169262,0.138182,1.432048,-0.1395517,0.0245444,1.679759,-0.0434388,-0.1085481,1.439414,-0.1226769,0.2369041,-0.6179194,-0.7477524,-0.1416724,0.2604695,0.1538028,0.3771587,-0.3034557,-0.2721957,-0.68329,-0.1888485,0.0440155,-0.0720243,0.1849143,0.1270001,0.1253074,0.0429362,0.0147559,0.1154886,0.3349076,0.136434
0.315,-0.0700514,1.113415,-0.0171459,0.1260057,1.144316,-0.0170073,0.2424502,1.194404,-0.0991156,0.2845311,1.279064,-0.1679365,0.1380439,1.432,-0.1389813,0.024107,1.679562,-0.0429509,-0.1083451,1.439692,-0.1227047,0.217436,-0.6177501,-0.7528389,-0.1407582,0.2613407,0.1531453,0.3779021,-0.3050287,-0.2679316,-0.6822309,-0.1908232,0.0453884,-0.0714976,0.1834303,0.1259014,0.1259034,0.0408083,0.0142187,0.1091043,0.3468754,0.1316032
0.337,-0.0711816,1.11194,-0.0175783,0.1255107,1.143964,-0.0166878,0.2421588,1.1943,-0.0982985,0.2852881,1.279406,-0.1669847,0.1375766,1.431205,-0.1379221,0.0238104,1.679117,-0.0426383,-0.1110012,1.437704,-0.1251715,0.2276904,-0.613516,-0.7528977,-0.1394899,0.263015,0.1511221,0.3790651,-0.3077486,-0.2683169,-0.6852494,-0.1832767,0.0376232,-0.0790751,0.1867968,0.1269678,0.1253498,0.0393244,0.0141064,0.1419116,0.299648,0.1473646
0.359,-0.0715168,1.111907,-0.017503,0.1250504,1.143774,-0.0161182,0.2415067,1.193912,-0.0967966,0.2845686,1.278707,-0.1656672,0.1362512,1.427431,-0.1338347,0.0233238,1.679371,-0.0423256,-0.1085944,1.439408,-0.1237752,0.2316993,-0.6129677,-0.7524584,-0.1376037,0.2640003,0.1492054,0.3757918,-0.3083657,-0.2639509,-0.6822563,-0.1854165,0.0403037,-0.1409217,0.2229671,0.1308329,0.1271095,0.0367858,0.0137661,0.1135084,0.3460985,0.1359709
0.382,-0.0710033,1.111495,-0.0140597,0.1246565,1.143869,-0.0154153,0.2414531,1.193435,-0.0961021,0.2839933,1.278425,-0.164603,0.1373782,1.431064,-0.136482,0.0229667,1.679134,-0.0420784,-0.1095565,1.43913,-0.1251641,0.2180623,-0.6111163,-0.7568293,-0.1358568,0.2645604,0.1483861,0.3808072,-0.3093815,-0.2651847,-0.6794075,-0.1912988,0.0434588,-0.0817832,0.1846324,0.1239976,0.1269831,0.0352858,0.0133682,0.1245651,0.33241,0.1405142
0.405,-0.0724249,1.111342,-0.0132894,0.124025,1.143656,-0.01417,0.2402276,1.19339,-0.0937167,0.2841353,1.278276,-0.1620689,0.1378645,1.431747,-0.1359563,0.0222018,1.678859,-0.0419137,-0.1090782,1.439376,-0.1253235,0.228476,-0.610253,-0.7550591,-0.1341791,0.2695252,0.1454275,0.3825341,-0.3101402,-0.2660456,-0.6803183,-0.184356,0.0421754,-0.0727435,0.1728902,0.1262677,0.1279685,0.0321557,0.0130273,0.1136486,0.3516418,0.1346507
0.428,-0.0736582,1.113408,-0.008939,0.1234073,1.143896,-0.0127665,0.2397952,1.193337,-0.0919674,0.2840803,1.27832,-0.1597688,0.137736,1.431841,-0.1346499,0.0216799,1.678545,-0.0417026,-0.1091147,1.439872,-0.1261834,0.2182399,-0.6165162,-0.7531175,-0.1348333,0.2750218,0.1422101,0.3835678,-0.3146527,-0.2683679,-0.6801668,-0.1816385,0.0415132,-0.0777667,0.1710652,0.126297,0.1273138,0.0292161,0.0136004,0.1100658,0.3544705,0.1364999
0.451,-0.0744794,1.115451,-0.0010406,0.1226152,1.144393,-0.0109413,0.2391259,1.193385,-0.0892673,0.2840965,1.278374,-0.1573505,0.1375012,1.432171,-0.1337939,0.021234,1.678683,-0.0417355,-0.1102499,1.438788,-0.1248746,0.2044761,-0.6156476,-0.756349,-0.1399865,0.2797965,0.1408072,0.3798205,-0.3185377,-0.2664046,-0.6817163,-0.17751,0.0430142,-0.072875,0.1644299,0.1245743,0.1284652,0.0246785,0.0146467,0.1290848,0.3668207,0.1452688
0.474,-0.0762435,1.12017,0.0184846,0.1209905,1.145786,-0.0069282,0.2377088,1.193553,-0.0841257,0.2835941,1.277776,-0.1523684,0.1374447,1.43219,-0.1321268,0.0195852,1.678611,-0.0416831,-0.1090443,1.440148,-0.129349,0.1512234,-0.6449231,-0.7400794,-0.1514088,0.2888753,0.1385291,0.3798269,-0.3214053,-0.2670716,-0.6784043,-0.17396,0.040924,-0.074968,0.1531306,0.1242785,0.1290107,0.0189371,0.0148611,0.1109496,0.3705068,0.1363811
0.496,-0.0761888,1.123692,0.0314912,0.1198107,1.147349,-0.0029761,0.2363439,1.193761,-0.0796164,0.2827803,1.27744,-0.1483445,0.1371664,1.432504,-0.1308276,0.0191236,1.678464,-0.0417714,-0.1114563,1.439192,-0.1267485,0.122836,-0.6658559,-0.7230285,-0.1639856,0.2922558,0.13848,0.3764079,-0.3256512,-0.2651338,-0.6746143,-0.1706859,0.0430203,-0.0733838,0.1453571,0.1243314,0.1293593,0.0125413,0.0169021,0.1375042,0.3910794,0.1466063
0.518,-0.0768667,1.127489,0.0435366,0.1181893,1.149804,0.0018125,0.2350049,1.194039,-0.0739922,0.2814933,1.277584,-0.1432142,0.136979,1.431995,-0.1292781,0.0172974,1.678546,-0.0419046,-0.1127815,1.438109,-0.1350686,0.0977002,-0.6801397,-0.7101292,-0.1827929,0.2993449,0.140068,0.3745775,-0.3306189,-0.2597726,-0.6692773,-0.1711408,0.0441448,-0.0821731,0.1387263,0.1234342,0.1301608,0.0081922,0.0165098,0.1388343,0.3360332,0.1551864
0.541,-0.0782331,1.130041,0.053936,0.1159805,1.152875,0.0079033,0.2331315,1.195001,-0.0666302,0.2811681,1.277404,-0.136728,0.1367057,1.432318,-0.1281439,0.0163708,1.678439,-0.042197,-0.1107331,1.440063,-0.1360089,0.088531,-0.6872622,-0.7019459,-0.2018982,0.3083048,0.1401718,0.3664717,-0.3404143,-0.2532164,-0.6650982,-0.1594017,0.0393328,-0.0786673,0.1267504,0.1227833,0.130811,0.0011894,0.0171777,0.118359,0.3738028,0.1405082
0.564,-0.080555,1.132347,0.0708798,0.1115427,1.158446,0.0194644,0.2294649,1.197484,-0.0533833,0.2796502,1.277615,-0.1249626,0.1355185,1.430982,-0.1247689,0.0143456,1.677958,-0.04294,-0.1124613,1.439454,-0.1407092,0.0887027,-0.6949354,-0.6893786,-0.2320693,0.3184747,0.1444895,0.3563901,-0.3549275,-0.2442957,-0.6531342,-0.1478458,0.03216,-0.1035483,0.1225379,0.1205729,0.1311485,-0.0086019,0.0179118,0.1326828,0.3607085,0.1534568
0.586,-0.0822637,1.13458,0.0847256,0.1080477,1.162713,0.029094,0.2261955,1.199888,-0.0427321,0.2778805,1.277991,-0.115591,0.1352928,1.431904,-0.124348,0.0132699,1.677848,-0.0435432,-0.1128422,1.439594,-0.1442327,0.0876698,-0.7021182,-0.6767454,-0.2533648,0.3231215,0.1479641,0.3488567,-0.3625076,-0.2391242,-0.6416844,-0.1405652,0.0321788,-0.0895115,0.0995026,0.1212567,0.1335371,-0.0166917,0.0190716,0.1349858,0.3607867,0.1550397
0.609,-0.0843149,1.138345,0.1002353,0.1038625,1.168022,0.0400961,0.2229934,1.202767,-0.0309178,0.2767701,1.27984,-0.1050695,0.1323374,1.427426,-0.1188349,0.0120728,1.677051,-0.0444307,-0.1127009,1.43939,-0.1475751,0.076691,-0.7033848,-0.6712258,-0.2717646,0.3305684,0.1457111,0.3434306,-0.3724231,-0.2315549,-0.6335456,-0.1226186,0.0208118,-0.1673596,0.1331368,0.1171968,0.1337839,-0.023056,0.0193294,0.1355893,0.3680902,0.1580041
0.633,-0.0871779,1.144001,0.1160907,0.099566,1.173797,0.0525287,0.2191291,1.206259,-0.0175841,0.2745603,1.281305,-0.0935576,0.1340881,1.431985,-0.1213053,0.0109038,1.676894,-0.0453305,-0.1121204,1.440338,-0.1508981,0.0699489,-0.7120433,-0.6587201,-0.2919889,0.3370298,0.1433515,0.3297967,-0.3863246,-0.2169351,-0.6193669,-0.1121144,0.0146656,-0.0984814,0.0714576,0.116698,0.1377863,-0.0311208,0.0198435,0.128531,0.3853209,0.1530388
0.655,-0.0933258,1.15463,0.1400334,0.0923801,1.183542,0.0733263,0.2123804,1.212746,0.0044135,0.2694647,1.28398,-0.0747596,0.1303681,1.427916,-0.1154101,0.0090905,1.675954,-0.0469853,-0.1123339,1.439479,-0.1565721,0.0792089,-0.7430472,-0.6200182,-0.3294704,0.347959,0.1409813,0.3110661,-0.402174,-0.1962089,-0.5922118,-0.0973073,0.0137948,-0.1740202,0.088194,0.1119186,0.1402049,-0.0405132,0.020887,0.1321743,0.3953008,0.1589336
0.677,-0.0977555,1.161051,0.1586786,0.0866794,1.191735,0.0887328,0.2066934,1.21833,0.0202339,0.2659307,1.286882,-0.0611878,0.1314939,1.431548,-0.1170973,0.0083816,1.67498,-0.0481907,-0.1108019,1.44003,-0.1591123,0.087665,-0.7592915,-0.593698,-0.3620646,0.3572188,0.1438481,0.2980459,-0.4099177,-0.1852161,-0.5757682,-0.0828532,0.0077616,-0.1153281,0.0280021,0.1125691,0.1409812,-0.0475002,0.0210137,0.117709,0.4285746,0.1555692
0.699,-0.101884,1.169059,0.1800733,0.080349,1.200748,0.1054089,0.2006833,1.224851,0.0374257,0.261596,1.291263,-0.0471105,0.1307457,1.432293,-0.1161118,0.0075965,1.674746,-0.0494982,-0.1115782,1.440375,-0.1648095,0.0917807,-0.7733617,-0.5668638,-0.3957191,0.3640438,0.1458247,0.2787884,-0.4188455,-0.1670298,-0.5600464,-0.0660162,0.0015752,-0.1100862,-0.0009735,0.1125819,0.1448483,-0.0549447,0.0216018,0.1272721,0.414271,0.1604085
0.721,-0.1060556,1.177948,0.2034454,0.0736672,1.210394,0.1226755,0.1934372,1.232347,0.0549453,0.2560308,1.295657,-0.032447,0.1288778,1.431479,-0.113729,0.0067448,1.673549,-0.0508915,-0.1114824,1.440276,-0.1690223,0.0886434,-0.7789905,-0.5507089,-0.4252583,0.3755091,0.1503501,0.26614,-0.4229784,-0.1524284,-0.5370801,-0.0511508,-0.0013636,-0.1330326,-0.0127309,0.1087376,0.1447807,-0.0605487,0.0214723,0.1293327,0.4256226,0.16348
0.743,-0.1116355,1.19332,0.2411023,0.062316,1.22706,0.1496387,0.1813398,1.245559,0.0817396,0.2471565,1.30458,-0.0107257,0.1270016,1.432147,-0.1113134,0.0057977,1.673178,-0.0530656,-0.1107193,1.439892,-0.1764843,0.0841015,-0.785068,-0.5250527,-0.4491467,0.3943415,0.1594058,0.2422915,-0.4301444,-0.1369823,-0.5012184,-0.02978,-0.0075438,-0.1338264,-0.0482786,0.1088469,0.1511168,-0.0705551,0.0216468,0.1298197,0.4362219,0.1686801
0.766,-0.1150689,1.206352,0.2671435,0.0537786,1.240265,0.1677193,0.1729418,1.256681,0.0994199,0.2404898,1.311465,0.0032742,0.1255549,1.432238,-0.1093353,0.0054261,1.671925,-0.0547526,-0.1082879,1.441358,-0.1794057,0.0678619,-0.7830716,-0.5141297,-0.4643789,0.4067188,0.1668928,0.2257588,-0.4352324,-0.1180636,-0.4781152,-0.0169974,-0.0080823,-0.1408896,-0.0740046,0.106047,0.1512993,-0.0770747,0.0213275,0.1269534,0.4644169,0.1616728
0.788,-0.1194706,1.221449,0.291571,0.0446424,1.254523,0.1853055,0.1639832,1.268386,0.1166159,0.2342334,1.319059,0.0169087,0.1242332,1.432681,-0.1073687,0.0050346,1.671538,-0.0562951,-0.1068785,1.441889,-0.1844245,0.0506984,-0.7776347,-0.5074144,-0.484964,0.4153261,0.1691358,0.20608,-0.4411601,-0.102781,-0.4541147,-0.0026881,-0.0133485,-0.1464367,-0.1017047,0.1081201,0.1539797,-0.0840651,0.0225576,0.1207859,0.4771209,0.1615759
0.81,-0.1257993,1.239999,0.3129571,0.0354574,1.270043,0.2020405,0.1549988,1.280559,0.1335436,0.2267574,1.327656,0.0301125,0.123035,1.432971,-0.1051355,0.0040321,1.671144,-0.057947,-0.1071006,1.440998,-0.1901255,0.0386557,-0.7810183,-0.4926425,-0.5135963,0.421851,0.1667576,0.1827614,-0.4450303,-0.0811741,-0.42616,0.0090982,-0.0074576,-0.1541031,-0.1294611,0.1094613,0.1545707,-0.0900238,0.0227646,0.1306529,0.4740897,0.1689157
0.832,-0.1344464,1.262025,0.3323806,0.0256168,1.285472,0.2175976,0.1449982,1.293656,0.1495645,0.2195025,1.337127,0.0427223,0.1216992,1.434055,-0.1028271,0.003822,1.671044,-0.059425,-0.1059683,1.441556,-0.1943742,0.033899,-0.8023678,-0.451359,-0.5450418,0.4316242,0.1578383,0.1632633,-0.4471546,-0.0658906,-0.3994786,0.022677,-0.0085081,-0.1560618,-0.1576433,0.1106354,0.1543832,-0.097862,0.0245657,0.1286528,0.48919,0.1700148
0.854,-0.1502753,1.300166,0.3583842,0.0109048,1.309877,0.2404211,0.129634,1.314947,0.1719846,0.2087201,1.352396,0.0599015,0.1188784,1.43534,-0.0992823,0.0031104,1.670687,-0.0619042,-0.1035965,1.442681,-0.2006622,0.0202319,-0.8455491,-0.3656385,-0.5874999,0.4380832,0.150424,0.1278555,-0.4460777,-0.0321217,-0.3628415,0.0453255,-0.0159381,-0.1652064,-0.1926558,0.112782,0.1530331,-0.1072968,0.0240147,0.1287507,0.5076718,0.1702981
0.876,-0.1604857,1.326395,0.3744515,0.0005262,1.326524,0.2553049,0.1189778,1.32996,0.1852748,0.1996436,1.362915,0.0703615,0.1186595,1.436711,-0.0984848,0.0033412,1.671427,-0.0633502,-0.101851,1.442683,-0.2051443,0.0075614,-0.865867,-0.3141022,-0.6118101,0.4423873,0.1491708,0.1129181,-0.4414875,-0.0143863,-0.335379,0.0569203,-0.0079023,-0.1546294,-0.2251332,0.1191623,0.1558358,-0.1141462,0.0245688,0.1308558,0.5200954,0.1740081
0.898,-0.1698148,1.34915,0.3904564,-0.0097032,1.343338,0.2694183,0.1080231,1.345443,0.1980367,0.1918382,1.373817,0.0800209,0.1162357,1.437249,-0.0956979,0.0032466,1.671379,-0.0649404,-0.1007126,1.443048,-0.2093791,0.0027924,-0.8808361,-0.259826,-0.626409,0.4432786,0.1515561,0.0914949,-0.4392934,0.0017274,-0.310407,0.073526,-0.0147332,-0.1697464,-0.2384444,0.1193853,0.1553442,-0.1203265,0.0245187,0.1246111,0.5304719,0.1732495
0.92,-0.1784528,1.370736,0.4060263,-0.0203192,1.360063,0.2830269,0.0975463,1.360826,0.210371,0.183599,1.385344,0.0887222,0.1142539,1.438306,-0.0938938,0.0037026,1.671541,-0.0664478,-0.0988522,1.442665,-0.2142172,-0.0144236,-0.8817669,-0.249024,-0.6399955,0.4501269,0.1539713,0.0716833,-0.4354488,0.020178,-0.2847497,0.0899473,-0.0193808,-0.1698943,-0.2564486,0.1201338,0.156354,-0.1261608,0.024106,0.1291421,0.5398467,0.1776297
0.943,-0.186087,1.389768,0.4216793,-0.0306704,1.376683,0.2955792,0.0865489,1.376182,0.2209549,0.1748934,1.3969,0.0962183,0.1127125,1.439825,-0.0922027,0.0039747,1.671598,-0.0679426,-0.0967257,1.443585,-0.2172382,-0.0255522,-0.8801727,-0.2414787,-0.6464132,0.4519174,0.1585529,0.0651293,-0.4316441,0.0259604,-0.2607613,0.1059778,-0.0209733,-0.1681918,-0.2768959,0.1247498,0.1573462,-0.1310574,0.0225555,0.121278,0.5566728,0.1742439
0.964,-0.1973931,1.417474,0.4434576,-0.0461568,1.400948,0.3133822,0.0703986,1.398889,0.2359198,0.1617166,1.414304,0.1057022,0.11064,1.441322,-0.0901057,0.0053633,1.671335,-0.0700829,-0.0935777,1.443078,-0.2237676,-0.0492994,-0.8742685,-0.2367808,-0.6589349,0.4581839,0.1649757,0.0501777,-0.4203061,0.0396511,-0.2247302,0.1283788,-0.027315,-0.1702368,-0.3035916,0.1270741,0.1568101,-0.1391946,0.0213755,0.1236427,0.5686635,0.1755801
0.987,-0.2054493,1.436358,0.4559033,-0.0562226,1.416931,0.3239558,0.059623,1.413822,0.2444012,0.1527121,1.425232,0.1105822,0.1087211,1.442831,-0.0894854,0.0060654,1.671144,-0.0714188,-0.0913743,1.442961,-0.2270642,-0.0556686,-0.8769381,-0.2194359,-0.6672668,0.4598584,0.1720644,0.040071,-0.4141008,0.0485782,-0.2009388,0.1474266,-0.029429,-0.1630255,-0.3137027,0.1283843,0.1573509,-0.141699,0.0199168,0.1237831,0.5789502,0.1780402
1.009,-0.2132388,1.456097,0.4673983,-0.0656878,1.431909,0.334021,0.0487017,1.428176,0.2517849,0.144045,1.436345,0.1144381,0.1077744,1.443709,-0.088486,0.0070495,1.671226,-0.0729235,-0.0890018,1.443262,-0.2302443,-0.0654469,-0.8801523,-0.1905518,-0.6741787,0.464047,0.1756834,0.0324355,-0.4047044,0.0517412,-0.1802578,0.1651151,-0.0399683,-0.1630474,-0.3286685,0.1309898,0.1592395,-0.1452707,0.0203714,0.121161,0.5896845,0.1776154
1.031,-0.2205388,1.474836,0.4776025,-0.074618,1.44657,0.3432454,0.0380562,1.442004,0.2581408,0.1344655,1.446418,0.1170918,0.1057042,1.44432,-0.087675,0.0077099,1.670616,-0.0745715,-0.0868574,1.443148,-0.2336812,-0.0716385,-0.8819841,-0.1597833,-0.6754474,0.4688724,0.1807218,0.0254684,-0.39611,0.0577936,-0.1595131,0.1794235,-0.036086,-0.1660606,-0.335092,0.1297629,0.159007,-0.1473118,0.0193776,0.1223048,0.5991513,0.1773443
1.054,-0.2292774,1.500136,0.4923356,-0.0865276,1.467443,0.3554555,0.0233224,1.461197,0.2657832,0.1206012,1.460837,0.1202749,0.1038531,1.445852,-0.0864001,0.0095959,1.670418,-0.0764411,-0.0828229,1.44298,-0.2377029,-0.0863212,-0.8807997,-0.144508,-0.6709865,0.4781034,0.1885186,0.0177432,-0.380329,0.0653633,-0.1259994,0.2030387,-0.0365252,-0.1627883,-0.3542657,0.132583,0.1605059,-0.1534013,0.0224194,0.1214487,0.6163207,0.1769995
1.076,-0.2338084,1.51525,0.5018109,-0.0939903,1.479773,0.3631323,0.0139254,1.472779,0.2694572,0.1126323,1.469645,0.1209701,0.10292,1.445995,-0.0858588,0.0107759,1.670262,-0.0777837,-0.0805005,1.443246,-0.2407071,-0.0982194,-0.8757688,-0.1502315,-0.6694472,0.4882304,0.1856985,0.0211525,-0.3677285,0.0609962,-0.1087281,0.2204594,-0.0507217,-0.1676562,-0.3620643,0.133611,0.1616572,-0.1561282,0.0231038,0.119005,0.6222252,0.1781392
1.098,-0.2373936,1.529738,0.510564,-0.1006372,1.491754,0.369226,0.0049844,1.484657,0.2730686,0.104044,1.477736,0.1209105,0.1017173,1.44644,-0.0853411,0.0116568,1.670041,-0.0791236,-0.0780604,1.443347,-0.2431534,-0.1155253,-0.8707827,-0.1482932,-0.6710433,0.4909503,0.1952634,0.0147342,-0.3588277,0.065284,-0.0905536,0.2349261,-0.0567152,-0.1702644,-0.3697658,0.1316681,0.1617899,-0.159438,0.023641,0.1176669,0.6329014,0.1780116
1.12,-0.2402587,1.543545,0.517664,-0.1070036,1.502836,0.3746089,-0.0031046,1.495479,0.2757255,0.0967391,1.485451,0.1204195,0.0997128,1.44631,-0.0846071,0.012705,1.669715,-0.0803558,-0.075556,1.441976,-0.2465972,-0.1266994,-0.8665705,-0.131303,-0.6706836,0.4956095,0.2020897,0.0102132,-0.3463658,0.0661826,-0.0741411,0.2500999,-0.0738682,-0.1784575,-0.3734694,0.1260535,0.1616236,-0.1627211,0.0252586,0.1237165,0.6361892,0.1818315
1.142,-0.2437396,1.555755,0.5230761,-0.1124661,1.513163,0.379314,-0.0114058,1.506028,0.2765902,0.089459,1.49224,0.1196236,0.0987609,1.446385,-0.0836124,0.013595,1.669837,-0.0815756,-0.0731417,1.44229,-0.2489223,-0.1386426,-0.864972,-0.1253522,-0.6726223,0.4955647,0.2094354,-0.0084591,-0.3511435,0.0738968,-0.0581012,0.2651876,-0.0814375,-0.1887064,-0.3835121,0.1262906,0.1630749,-0.1660368,0.0272323,0.1206352,0.6456314,0.1797788
1.164,-0.2483377,1.571557,0.5300321,-0.1193875,1.526288,0.3850408,-0.0216019,1.519128,0.2776413,0.0797435,1.501684,0.1181081,0.0973173,1.446602,-0.0832723,0.0149444,1.669117,-0.0833623,-0.0691159,1.441941,-0.2518691,-0.1423592,-0.8635808,-0.1015388,-0.6748533,0.5007407,0.2127964,-0.0083609,-0.3366537,0.078488,-0.0333123,0.2815434,-0.0846721,-0.187949,-0.3912536,0.1234622,0.1615029,-0.1707207,0.028466,0.1191338,0.654711,0.1846837
1.187,-0.2510165,1.580578,0.53344,-0.1229716,1.53405,0.3878817,-0.0254472,1.525551,0.2790362,0.0746419,1.507646,0.1175775,0.0965954,1.446993,-0.082808,0.0156777,1.668836,-0.0845767,-0.067218,1.44208,-0.2541153,-0.1436461,-0.8611823,-0.0938561,-0.6759883,0.5033076,0.2159306,0.0005374,-0.312891,0.0875459,-0.0149042,0.2919331,-0.0907204,-0.1928965,-0.399334,0.1224313,0.1607632,-0.174045,0.0302312,0.1151955,0.6644654,0.178656
1.209,-0.2525127,1.589032,0.5366717,-0.1265534,1.540978,0.3899702,-0.0305667,1.53202,0.2787367,0.0703602,1.51255,0.116444,0.0959602,1.447262,-0.0822558,0.016396,1.669294,-0.0855604,-0.0648466,1.441166,-0.2569289,-0.1507885,-0.8596158,-0.0871002,-0.6765803,0.5063668,0.2200424,-0.0014679,-0.3067829,0.0937769,-0.006945,0.3002987,-0.0927086,-0.1959887,-0.4074217,0.1219509,0.1627643,-0.1776541,0.0318021,0.1197657,0.6685647,0.1814824
1.232,-0.2534295,1.596302,0.5395897,-0.1293835,1.547789,0.3916354,-0.0345746,1.538347,0.2788384,0.0661044,1.516955,0.1155678,0.0955499,1.447628,-0.0816717,0.0170983,1.669322,-0.0864899,-0.0626192,1.441435,-0.2584196,-0.1557593,-0.8556126,-0.0850594,-0.6744689,0.5081331,0.2264253,-0.0018389,-0.2987053,0.0913295,0.0041425,0.3087208,-0.0885479,-0.1978997,-0.4171944,0.1216503,0.1629301,-0.180926,0.033509,0.1168098,0.6756624,0.1807498
1.254,-0.2546831,1.605367,0.5433463,-0.1324225,1.555928,0.3942298,-0.0400938,1.546319,0.278143,0.060945,1.522564,0.114419,0.0946495,1.448343,-0.0809834,0.0176398,1.669087,-0.0881464,-0.0593593,1.440727,-0.2611466,-0.1642334,-0.8507203,-0.0854746,-0.6683951,0.5110292,0.2268774,0.001255,-0.2912663,0.0873235,0.0186387,0.3189584,-0.0871773,-0.2015535,-0.4213194,0.1232115,0.1619578,-0.1853924,0.033837,0.1151874,0.6816825,0.1804818
1.276,-0.2555707,1.610889,0.5448606,-0.1341186,1.560285,0.3956998,-0.0425448,1.551106,0.2782691,0.0580492,1.526047,0.1133742,0.093788,1.448747,-0.0805622,0.018177,1.669201,-0.0889753,-0.0585395,1.440331,-0.2610006,-0.1686686,-0.8508813,-0.0896622,-0.6689067,0.5162812,0.2271396,-0.0013471,-0.2852312,0.0894629,0.0237122,0.3250906,-0.0858483,-0.2041607,-0.4248524,0.1212617,0.1614884,-0.188568,0.036897,0.1131542,0.7042676,0.1790154
1.298,-0.255595,1.615448,0.5467021,-0.1355232,1.564803,0.3965032,-0.0447708,1.555242,0.2780933,0.0555616,1.529181,0.112775,0.0934602,1.449308,-0.0804586,0.0186862,1.669287,-0.0898133,-0.0554684,1.440655,-0.2624453,-0.1670244,-0.8494117,-0.0821006,-0.6642426,0.5185632,0.2303731,-0.0020761,-0.2823272,0.0876827,0.0298888,0.330878,-0.0852947,-0.2017343,-0.4308126,0.1214372,0.1608699,-0.1915479,0.0389602,0.1056423,0.7054446,0.1751103
1.32,-0.2551816,1.620009,0.5485997,-0.1363677,1.568372,0.3977055,-0.0473087,1.558971,0.2773951,0.0525664,1.531046,0.1114486,0.0936532,1.449706,-0.0802613,0.019104,1.668861,-0.0906352,-0.0540686,1.439025,-0.2648383,-0.1709401,-0.8465982,-0.0825095,-0.6633167,0.5215353,0.2309542,0.0029147,-0.2774639,0.0806982,0.0338323,0.3374937,-0.0711311,-0.1995171,-0.4354569,0.1234985,0.1587566,-0.1940383,0.0403601,0.1185904,0.6949382,0.1835322
1.343,-0.2549971,1.624125,0.5498156,-0.1372363,1.572349,0.398228,-0.0492149,1.562322,0.2770489,0.0511353,1.533536,0.1106969,0.0926114,1.449703,-0.0795526,0.0194476,1.668884,-0.0914605,-0.0519209,1.439666,-0.26526,-0.1814816,-0.8445345,-0.0879846,-0.6577531,0.5219705,0.2350345,0.0020045,-0.2754567,0.0781272,0.0365917,0.3397937,-0.0729132,-0.2056558,-0.4350997,0.1214816,0.1580649,-0.1970086,0.0414616,0.1192668,0.6975225,0.1821859
1.364,-0.2556552,1.629324,0.550565,-0.138619,1.577085,0.3990088,-0.0510727,1.566972,0.2767115,0.0494818,1.537499,0.111068,0.0924556,1.450091,-0.0791698,0.0201387,1.669529,-0.0921944,-0.0498524,1.439612,-0.2662039,-0.1860304,-0.8430255,-0.0927246,-0.6521834,0.526655,0.235167,0.0008171,-0.2716576,0.0774658,0.0475098,0.3449064,-0.0755068,-0.2059577,-0.4382023,0.1207796,0.1590155,-0.2027558,0.0446794,0.118514,0.7041012,0.1818327
1.386,-0.2555601,1.632529,0.551322,-0.1392453,1.580191,0.3989793,-0.0512136,1.569354,0.2767373,0.0486755,1.538688,0.110436,0.092434,1.450393,-0.0788899,0.0203442,1.669281,-0.0928542,-0.0485389,1.440096,-0.2668792,-0.181158,-0.8412148,-0.0836154,-0.6521035,0.526729,0.2360457,-0.000753,-0.2718431,0.0816204,0.0456687,0.3469507,-0.0685116,-0.2068659,-0.4399607,0.1191629,0.156781,-0.2050029,0.0457327,0.117315,0.7056971,0.1797476
1.409,-0.2558849,1.635753,0.5513086,-0.1400182,1.582896,0.3990919,-0.0523379,1.571951,0.2762329,0.048537,1.540823,0.1105518,0.0926138,1.450727,-0.0786365,0.0206998,1.669015,-0.093441,-0.0474012,1.440152,-0.2671132,-0.1842082,-0.8425089,-0.0822404,-0.6541891,0.5281572,0.2363856,0.0010073,-0.2701043,0.0754842,0.0517794,0.3491824,-0.0750406,-0.2062421,-0.4418621,0.1186327,0.1551248,-0.2072093,0.0460637,0.1183764,0.7068328,0.1810548
1.431,-0.2563552,1.638605,0.5510213,-0.1403449,1.585147,0.3991313,-0.0530197,1.574201,0.2758377,0.0478801,1.541795,0.1096407,0.0931333,1.451343,-0.0786149,0.0208537,1.669506,-0.0938811,-0.0465579,1.440677,-0.2661428,-0.1848961,-0.8423926,-0.0813036,-0.6558844,0.5289385,0.2357954,-0.0009462,-0.2690088,0.0752194,0.0525007,0.3508284,-0.0712127,-0.2000261,-0.4460937,0.1213621,0.1560298,-0.2095736,0.0472258,0.1109154,0.7254403,0.1702605
1.454,-0.2561545,1.642774,0.5507449,-0.1404025,1.588452,0.3990814,-0.0536013,1.576763,0.2753686,0.0475114,1.543778,0.109876,0.0937738,1.451953,-0.0782533,0.0212537,1.669916,-0.0943849,-0.0453614,1.440876,-0.2668643,-0.1833513,-0.8429233,-0.0740345,-0.6517704,0.5307924,0.2348375,-0.0029681,-0.2681718,0.0744855,0.0578113,0.3528739,-0.0749195,-0.1997559,-0.4467862,0.1230239,0.1556602,-0.2128153,0.0479143,0.111986,0.7236137,0.1733291
1.476,-0.2552329,1.644961,0.5511258,-0.1400484,1.590047,0.3990906,-0.0533983,1.577988,0.2752658,0.0479206,1.544878,0.1097218,0.0939916,1.452084,-0.0782378,0.0217491,1.670158,-0.0945432,-0.0444727,1.440323,-0.267844,-0.188138,-0.8411523,-0.0763143,-0.6546782,0.5307925,0.2351816,-0.0047097,-0.2663657,0.0783754,0.0597771,0.3549219,-0.0856279,-0.1996343,-0.4492599,0.1212621,0.1557378,-0.2151323,0.0493177,0.1202991,0.7144211,0.1816566
1.498,-0.2548818,1.646087,0.5514907,-0.1397892,1.591226,0.3992222,-0.0530311,1.578986,0.2750747,0.0473843,1.545307,0.1092302,0.0936677,1.451829,-0.0774683,0.0220438,1.670326,-0.0947276,-0.0435583,1.441197,-0.2669935,-0.1876533,-0.8404861,-0.0762063,-0.6539196,0.531491,0.2364291,-0.0046655,-0.2665552,0.0785794,0.0603056,0.3547243,-0.0770066,-0.2083494,-0.4482345,0.1184199,0.1554234,-0.2167985,0.0485307,0.1124099,0.7253842,0.1734259
1.521,-0.2543043,1.646656,0.5519145,-0.1394656,1.592337,0.399403,-0.0531999,1.579897,0.2748199,0.0476333,1.546205,0.1096403,0.0941394,1.451972,-0.0780218,0.0223866,1.670371,-0.0948452,-0.0427445,1.44136,-0.2668938,-0.1885371,-0.8403695,-0.0792561,-0.6522112,0.5305353,0.2366985,-0.0039749,-0.265704,0.075741,0.0644165,0.3533056,-0.078448,-0.2028387,-0.4469978,0.1193851,0.1550836,-0.2177894,0.0486084,0.1115943,0.7281557,0.1707176
1.543,-0.2538173,1.647375,0.5522257,-0.1387117,1.593152,0.3996442,-0.0525829,1.580814,0.2749558,0.0479605,1.546188,0.1099986,0.0947376,1.452155,-0.0778111,0.0229521,1.670571,-0.0948398,-0.0424888,1.44155,-0.2670342,-0.1893813,-0.8415286,-0.0809783,-0.6537097,0.530866,0.2374392,-0.005013,-0.2643155,0.077822,0.0663207,0.3565375,-0.0734681,-0.2018503,-0.446375,0.1216029,0.1548969,-0.2191452,0.0492876,0.1123976,0.7263802,0.1727016
1.565,-0.2520439,1.648425,0.5525811,-0.137781,1.593772,0.3999795,-0.0512209,1.581481,0.2751533,0.0485733,1.546766,0.1088322,0.0951788,1.452298,-0.0776056,0.0233018,1.671044,-0.0949182,-0.041582,1.442035,-0.2664914,-0.1894499,-0.8404605,-0.0781659,-0.6525589,0.5346298,0.2366506,-0.0050518,-0.2656461,0.0793905,0.0600762,0.3542994,-0.0673266,-0.2025062,-0.4461938,0.1211503,0.1557521,-0.2202031,0.048697,0.1109821,0.730109,0.1685384
1.587,-0.2513948,1.64912,0.5528925,-0.1367805,1.594636,0.4002833,-0.0505911,1.581999,0.2751484,0.04954,1.547041,0.1090454,0.0958596,1.452458,-0.0777124,0.023674,1.671145,-0.094942,-0.0414715,1.441654,-0.2667095,-0.1899568,-0.8400207,-0.0784262,-0.6551921,0.5323644,0.2365817,-0.0054648,-0.2633866,0.0784791,0.0607575,0.3552325,-0.0702081,-0.200794,-0.446496,0.1227736,0.1556085,-0.2204779,0.0479605,0.1124959,0.7284061,0.1707413
1.61,-0.2507192,1.64961,0.5528888,-0.1358803,1.594949,0.4004197,-0.0495209,1.582493,0.275306,0.0503213,1.547256,0.1094152,0.0956196,1.45255,-0.0778672,0.0241275,1.671343,-0.0948704,-0.041266,1.441673,-0.2667723,-0.1871563,-0.8404282,-0.0777191,-0.655678,0.5338119,0.2350014,-0.0059091,-0.2643104,0.0776493,0.0617434,0.355575,-0.0702448,-0.203037,-0.4415961,0.1202555,0.1557062,-0.2207217,0.0477809,0.1135442,0.7268781,0.1722112
1.632,-0.249803,1.650668,0.5526706,-0.134985,1.595467,0.4004379,-0.0489925,1.582661,0.2751003,0.0520786,1.548309,0.109891,0.096651,1.452967,-0.0779151,0.0247416,1.671387,-0.0947897,-0.0416097,1.441597,-0.2671079,-0.1875476,-0.8410026,-0.0749024,-0.6535286,0.5346491,0.2360232,-0.0043655,-0.2649378,0.0752063,0.0667284,0.3531214,-0.0867047,-0.1986321,-0.4439598,0.1247652,0.1555072,-0.2206747,0.0482608,0.1143687,0.7251035,0.1762005
1.654,-0.2471676,1.651139,0.5535858,-0.1332712,1.596147,0.4007123,-0.0475284,1.583027,0.2752563,0.051919,1.5479,0.1088472,0.0971402,1.453135,-0.0784436,0.0252998,1.671549,-0.0946562,-0.0407169,1.440853,-0.2678518,-0.1887992,-0.8397891,-0.0719783,-0.6539243,0.5356873,0.2378455,-0.0055122,-0.2629464,0.0760683,0.0638657,0.3515244,-0.0710536,-0.1955381,-0.4437888,0.1232311,0.1556486,-0.2203491,0.0484987,0.1210205,0.7135329,0.1816244
1.676,-0.2457599,1.650699,0.55437,-0.1322622,1.596332,0.4007988,-0.0474265,1.583662,0.2747895,0.0525793,1.548085,0.1090519,0.0975937,1.453348,-0.0783979,0.0256826,1.670958,-0.0946333,-0.0403295,1.440685,-0.2681336,-0.1892285,-0.8364161,-0.0756586,-0.6544957,0.5340758,0.2392487,-0.0048188,-0.2609036,0.0676004,0.0653419,0.3515083,-0.0725538,-0.1964525,-0.4431912,0.1236884,0.1527682,-0.2200422,0.0476449,0.1204692,0.7103481,0.1836183
1.698,-0.2452084,1.650371,0.5546012,-0.1311553,1.596356,0.4010287,-0.0458991,1.583196,0.2750094,0.0538774,1.548431,0.1091065,0.0980311,1.453624,-0.0787794,0.0261268,1.67103,-0.0946001,-0.0403456,1.440898,-0.2678079,-0.1891257,-0.8378598,-0.0786182,-0.6557568,0.5327958,0.239983,-0.0055115,-0.2624167,0.075588,0.0660364,0.3508224,-0.0813892,-0.1930023,-0.4430403,0.1256203,0.1537431,-0.2192621,0.0474799,0.1213752,0.7112349,0.1839676
1.72,-0.2440897,1.649829,0.5548034,-0.1301296,1.596258,0.4011791,-0.0450207,1.583146,0.27501,0.0542271,1.548123,0.1090359,0.0986107,1.4537,-0.0790327,0.0264778,1.670959,-0.0944864,-0.0400206,1.440799,-0.2678128,-0.1863418,-0.8383812,-0.0790616,-0.6566436,0.5334491,0.24065,-0.0053938,-0.2612019,0.0753487,0.0658566,0.3514365,-0.0745182,-0.192107,-0.4436112,0.1265588,0.1535582,-0.2184245,0.0468481,0.1210239,0.710431,0.1830033
1.742,-0.2427931,1.649851,0.5549861,-0.129138,1.596041,0.4011818,-0.043787,1.583113,0.2752115,0.0549377,1.548095,0.1086522,0.0988161,1.453658,-0.079331,0.0265885,1.671501,-0.0943795,-0.0393944,1.441929,-0.2663913,-0.185883,-0.8391201,-0.0743811,-0.655329,0.5342191,0.2420797,-0.0063986,-0.2600381,0.076748,0.06453,0.3495828,-0.0744826,-0.1922108,-0.441683,0.1254854,0.1562742,-0.2184124,0.0467558,0.1119293,0.722635,0.1705666
1.765,-0.2408071,1.648559,0.5556388,-0.127865,1.595927,0.4011123,-0.0426684,1.582944,0.2750856,0.0561868,1.548192,0.1084376,0.0992669,1.453639,-0.0795326,0.0274172,1.67108,-0.0942308,-0.0393505,1.441984,-0.2663983,-0.1829919,-0.8377018,-0.0753722,-0.6538967,0.5332121,0.2448831,-0.0061569,-0.2601135,0.0764655,0.0644314,0.3487058,-0.0767491,-0.1939041,-0.4402869,0.1258375,0.1574704,-0.2161544,0.047014,0.1119532,0.7228484,0.1705216
1.787,-0.2403073,1.648109,0.5557135,-0.127007,1.595717,0.4010989,-0.0419444,1.582872,0.2750089,0.0565748,1.548013,0.1079652,0.0999724,1.453784,-0.0798206,0.0279306,1.671035,-0.0940693,-0.0392231,1.442041,-0.2665056,-0.1842647,-0.8375533,-0.0820948,-0.6534153,0.5330552,0.243821,-0.0052016,-0.2591766,0.0752648,0.0630958,0.3485677,-0.0720862,-0.1922525,-0.4394285,0.1276252,0.1583903,-0.2159535,0.0479268,0.1121008,0.7220083,0.1695124
1.809,-0.2392454,1.647924,0.5557001,-0.1260374,1.595315,0.4011173,-0.0426669,1.583611,0.2738999,0.0572167,1.547915,0.1078121,0.1006339,1.45371,-0.08054,0.028342,1.670308,-0.0940606,-0.0390159,1.441903,-0.2665928,-0.1824714,-0.8377199,-0.0777674,-0.6537475,0.5332996,0.2441789,0.0020869,-0.257555,0.0518193,0.0629151,0.3476515,-0.0732603,-0.1898728,-0.4384398,0.1282235,0.1565485,-0.2147264,0.0464728,0.112233,0.7212248,0.1703132
1.832,-0.2380833,1.648002,0.5558413,-0.1252174,1.595069,0.4011054,-0.0421865,1.583652,0.273953,0.0573694,1.547374,0.1074238,0.1010119,1.453673,-0.0806298,0.02875,1.670383,-0.0940195,-0.0386866,1.441716,-0.2667256,-0.1828801,-0.8364512,-0.07157,-0.6541141,0.5340282,0.2449348,-0.0178816,-0.2727173,0.0760061,0.0601864,0.3493075,-0.0668902,-0.1903271,-0.4391859,0.1275388,0.1566414,-0.2138753,0.0479987,0.1105084,0.7202074,0.1713136
1.854,-0.237336,1.646732,0.5556375,-0.1240935,1.59467,0.4011264,-0.0413586,1.583325,0.2735895,0.0593986,1.548052,0.1076854,0.1014104,1.453529,-0.080877,0.0293722,1.670053,-0.0941447,-0.0384478,1.441804,-0.2668589,-0.1810433,-0.8381962,-0.0758535,-0.6551706,0.5324767,0.2456161,-0.0162878,-0.2727974,0.0763971,0.0649841,0.3473049,-0.0843562,-0.1926219,-0.4382232,0.1275341,0.1577118,-0.2121631,0.0468741,0.1128981,0.7195741,0.173494
1.876,-0.2369727,1.646276,0.5553544,-0.1235598,1.594308,0.4009173,-0.0407428,1.582981,0.2733616,0.0591809,1.547384,0.1073022,0.102195,1.453633,-0.0813164,0.0299806,1.670307,-0.0940364,-0.0385041,1.440892,-0.2681794,-0.1844378,-0.8383361,-0.0810284,-0.6539761,0.5331811,0.2460668,-0.0150694,-0.2720722,0.0742887,0.0637615,0.3480718,-0.0744014,-0.1898151,-0.4404602,0.1305608,0.1596528,-0.2127884,0.0469018,0.1203011,0.7064213,0.1847867
1.898,-0.2363636,1.645856,0.5551968,-0.1227911,1.593865,0.4007144,-0.0383805,1.581488,0.2739949,0.0593859,1.54679,0.1073416,0.1023416,1.453455,-0.0817149,0.0303932,1.670382,-0.0940269,-0.0380516,1.44085,-0.2685396,-0.1853226,-0.8391363,-0.0812365,-0.653988,0.5324674,0.2459714,-0.0029648,-0.2579755,0.0743649,0.0652161,0.3490531,-0.0685112,-0.1896648,-0.4363986,0.1297379,0.1610773,-0.2124023,0.0471147,0.1221139,0.7023188,0.1859767
1.92,-0.2360491,1.645346,0.5550403,-0.1224296,1.593398,0.4002674,-0.0380123,1.581091,0.2736583,0.0604474,1.546893,0.106766,0.102688,1.453545,-0.0819531,0.0306905,1.670368,-0.0941178,-0.0377674,1.440429,-0.2687834,-0.1829583,-0.8392205,-0.080361,-0.6511074,0.5323156,0.245992,-0.0008243,-0.2580181,0.0715002,0.063904,0.3478321,-0.0746124,-0.1899899,-0.4366271,0.1297429,0.1614655,-0.2112717,0.0469344,0.1227674,0.7015953,0.1865815
1.942,-0.2354669,1.644546,0.5551139,-0.1219107,1.592677,0.4004095,-0.0369808,1.580548,0.2739337,0.0601896,1.546169,0.1066965,0.1030851,1.453672,-0.0822503,0.0310339,1.670136,-0.0941503,-0.037333,1.440453,-0.2693097,-0.182975,-0.8389343,-0.0801077,-0.6541313,0.5326418,0.246399,-0.0061147,-0.2571751,0.0864273,0.0625684,0.3491307,-0.0640621,-0.1889767,-0.4381091,0.1283101,0.16128,-0.2105553,0.0462061,0.1238711,0.7019657,0.1853775
1.964,-0.2348599,1.643321,0.5551438,-0.1214524,1.591999,0.4003679,-0.0369759,1.580286,0.2735261,0.0612182,1.546255,0.1059491,0.1035602,1.453575,-0.082569,0.0318594,1.670094,-0.0943633,-0.0367785,1.441816,-0.2676579,-0.1844321,-0.8382037,-0.0828328,-0.6545104,0.5328981,0.2470654,-0.0031226,-0.2568893,0.0767216,0.0596804,0.3475098,-0.072478,-0.1892006,-0.4382929,0.1273247,0.1621568,-0.2094139,0.0464916,0.1118698,0.7204234,0.1710008
1.987,-0.2345137,1.642451,0.5552843,-0.1211902,1.59164,0.4001341,-0.0366086,1.579966,0.2734651,0.0617158,1.546272,0.1061843,0.1038645,1.453586,-0.0828511,0.0324144,1.670349,-0.0943577,-0.036966,1.440995,-0.2690504,-0.1809424,-0.8367482,-0.080427,-0.6537629,0.5321439,0.2470747,-0.0014523,-0.2570339,0.0739529,0.0624376,0.3467087,-0.0741213,-0.1870279,-0.4379661,0.1280062,0.1628429,-0.2094136,0.0471543,0.1212145,0.7040802,0.1850559
2.009,-0.2346054,1.642175,0.5548042,-0.1210243,1.591295,0.3998321,-0.0363216,1.579594,0.273319,0.0622108,1.545962,0.105833,0.1044566,1.453605,-0.0831728,0.033033,1.670454,-0.0942983,-0.0365608,1.441949,-0.2680099,-0.1804652,-0.8381189,-0.079114,-0.6537479,0.531769,0.2473049,-0.0012216,-0.2573291,0.0741485,0.0601478,0.3469621,-0.0741598,-0.1868116,-0.4396338,0.1290839,0.1630324,-0.2097138,0.0465863,0.1129508,0.7193977,0.17243
2.031,-0.2347645,1.642075,0.554184,-0.1209637,1.590976,0.399552,-0.0361162,1.579421,0.2732204,0.0617992,1.545471,0.1053768,0.1044279,1.453429,-0.0834036,0.0333672,1.670266,-0.0944116,-0.0366991,1.441008,-0.269547,-0.1800555,-0.8388118,-0.0785226,-0.6547516,0.5314855,0.2472258,-0.0010699,-0.257361,0.0744386,0.0572829,0.3481994,-0.0659607,-0.1861305,-0.436608,0.1286556,0.1615359,-0.2093251,0.0454917,0.1214275,0.7052563,0.1836406
2.053,-0.2347666,1.642063,0.553823,-0.1208146,1.590837,0.3993152,-0.0358126,1.579223,0.2731015,0.0615884,1.545243,0.1051979,0.1047021,1.453531,-0.0835709,0.0337708,1.670419,-0.0944325,-0.0365825,1.441989,-0.2687058,-0.1819444,-0.8386276,-0.0804038,-0.6543149,0.5308617,0.2467448,-0.0009246,-0.2573035,0.0755036,0.0571256,0.3481529,-0.0611941,-0.1856464,-0.4373956,0.1288105,0.1616852,-0.2093552,0.0452245,0.1127499,0.7148134,0.1740241
2.076,-0.2350751,1.641247,0.5533961,-0.1205367,1.590718,0.3987705,-0.0355697,1.578815,0.2727043,0.0623909,1.545499,0.105316,0.1048146,1.453543,-0.0838804,0.0341746,1.670585,-0.0944973,-0.0358238,1.441295,-0.2698425,-0.1797253,-0.8394535,-0.0794523,-0.6528481,0.5289123,0.2481209,-0.0009855,-0.2595082,0.0755976,0.0604429,0.3465351,-0.0673353,-0.1848975,-0.4357332,0.127736,0.1609503,-0.2088213,0.044685,0.120303,0.7021129,0.1847593
2.097,-0.2353004,1.641096,0.5529393,-0.1206374,1.590367,0.3986922,-0.035356,1.57865,0.2725583,0.0627432,1.545292,0.1051884,0.1051041,1.45365,-0.0839718,0.0345092,1.670712,-0.0945285,-0.0356537,1.441424,-0.269795,-0.180194,-0.8397326,-0.0794983,-0.6531932,0.5297784,0.2481189,-0.0013784,-0.259679,0.0761723,0.0606174,0.3474374,-0.068766,-0.185535,-0.4373353,0.1285714,0.161098,-0.2087186,0.0444385,0.1200139,0.7025911,0.1844777
2.12,-0.2354086,1.641217,0.5524352,-0.1207788,1.59016,0.3983947,-0.0359048,1.578792,0.2719714,0.0626554,1.544965,0.1045075,0.1051351,1.453421,-0.083836,0.0348646,1.670705,-0.0945408,-0.0353797,1.44144,-0.2698291,-0.1805964,-0.8402936,-0.078671,-0.6540888,0.5299028,0.2464608,0.00119,-0.2601928,0.0720691,0.0557454,0.3471502,-0.0641414,-0.1884621,-0.4372934,0.1273617,0.1603431,-0.2088158,0.0439536,0.1203325,0.7026647,0.1844418
2.142,-0.2354998,1.641119,0.5521285,-0.1207988,1.590002,0.3981372,-0.03555,1.578432,0.2720901,0.0627264,1.545168,0.1049669,0.1052989,1.453305,-0.0838019,0.0351262,1.670721,-0.0945558,-0.0352345,1.442013,-0.2689323,-0.1798457,-0.8400089,-0.0780488,-0.6558902,0.5280293,0.2462429,-9.57e-05,-0.2605668,0.0749284,0.0599733,0.3478716,-0.0657712,-0.1892976,-0.4375202,0.1266371,0.1601353,-0.2085312,0.0436592,0.1125501,0.713598,0.1778491
2.164,-0.2359673,1.64121,0.5517199,-0.1211862,1.589857,0.3978642,-0.0356815,1.578229,0.2718899,0.0627918,1.544871,0.1043099,0.1058362,1.453276,-0.0841324,0.0355984,1.671046,-0.0944695,-0.0348296,1.441638,-0.2698886,-0.1807412,-0.8395783,-0.0770717,-0.6562482,0.5298517,0.2458328,-0.0007479,-0.2616732,0.0748185,0.0562704,0.3480363,-0.0658949,-0.1851787,-0.4374471,0.1266699,0.1607667,-0.2091893,0.0433488,0.1192331,0.7016056,0.1858041
2.186,-0.2365476,1.640892,0.5514237,-0.1215103,1.589822,0.3975381,-0.0360449,1.578331,0.271533,0.0627823,1.544794,0.1043929,0.1057285,1.453277,-0.0839331,0.0357824,1.670808,-0.094481,-0.0346928,1.441154,-0.2704917,-0.1794526,-0.8401875,-0.0779494,-0.6563541,0.528783,0.2460895,-0.0006431,-0.2623867,0.0742165,0.0566294,0.3486408,-0.0653801,-0.1874524,-0.4383084,0.1266464,0.1596996,-0.2087715,0.0429632,0.1208643,0.6997057,0.187236
2.209,-0.2369646,1.640951,0.5509535,-0.1216138,1.589774,0.3973434,-0.0354699,1.578119,0.2718803,0.0629152,1.54491,0.1048715,0.1059791,1.453173,-0.0841457,0.0360212,1.671057,-0.0943277,-0.0344622,1.441263,-0.2704622,-0.1800047,-0.8411702,-0.0774974,-0.6565619,0.5281826,0.2444792,-0.0018802,-0.2620581,0.0765232,0.0602168,0.3487463,-0.0661125,-0.1854458,-0.4368954,0.1261716,0.1602826,-0.2095029,0.0432596,0.1192066,0.7000808,0.1885775
2.232,-0.237342,1.64134,0.5504245,-0.1217206,1.589663,0.3973491,-0.0355197,1.578012,0.2717917,0.063129,1.544659,0.1044875,0.1059915,1.453173,-0.0841064,0.0361724,1.671129,-0.0942499,-0.0342536,1.441501,-0.2705226,-0.184742,-0.8419877,-0.0807131,-0.6562968,0.5289689,0.243571,-0.0006482,-0.2624401,0.0756476,0.0562158,0.3488011,-0.065285,-0.1859006,-0.436643,0.1251306,0.1603837,-0.2097255,0.0429608,0.1189318,0.7002072,0.1879429
2.255,-0.2379246,1.641563,0.5499428,-0.1220797,1.589566,0.39694,-0.0358376,1.577898,0.2717117,0.0633538,1.544549,0.1046216,0.1064498,1.453294,-0.0841541,0.0364836,1.671239,-0.0940059,-0.0334401,1.441397,-0.2708879,-0.1822414,-0.8421132,-0.0778194,-0.6550104,0.5293304,0.2430787,-0.0005584,-0.2624224,0.0721342,0.0566149,0.3489674,-0.0665498,-0.183769,-0.4404152,0.1251121,0.1608376,-0.2103218,0.0423536,0.117557,0.6966047,0.1950818
2.276,-0.238191,1.641321,0.5498492,-0.1222619,1.589289,0.3969761,-0.0358617,1.577734,0.2717214,0.0630738,1.544284,0.1044999,0.106436,1.453233,-0.0840788,0.0366338,1.671071,-0.0938802,-0.033615,1.442928,-0.2694104,-0.1810993,-0.8424639,-0.0769924,-0.6548679,0.5300267,0.240613,-0.0004448,-0.2628455,0.0724431,0.0552548,0.3490922,-0.061093,-0.1847968,-0.4399046,0.1249851,0.1602661,-0.2105716,0.0415694,0.1080729,0.7153753,0.1769308
2.298,-0.2383115,1.640982,0.5498817,-0.1222371,1.589222,0.3968888,-0.0358317,1.577643,0.2718117,0.0635501,1.544459,0.104767,0.1065508,1.453265,-0.0840361,0.0366684,1.671186,-0.093766,-0.0335362,1.443022,-0.2694393,-0.1783599,-0.8427302,-0.0749336,-0.6546859,0.5296884,0.2412687,-0.0009551,-0.2629517,0.0724434,0.0560451,0.3490486,-0.067221,-0.1842981,-0.4406061,0.1251166,0.1608277,-0.2109114,0.0419181,0.1082447,0.7144821,0.1781207
